              0               246.65472                246.65472
           0.18               246.64214                246.6415
           0.36               246.60439                246.60185
           0.54               246.54148                246.53578
           0.72               246.45345                246.44331
            0.9               246.34029                246.32447
           1.08               246.20206                246.17929
           1.26               246.03878                246.00781
           1.44               245.8505                245.8101
           1.62               245.63727                245.5862
            1.8               245.39916                245.33619
           1.98               245.13622                245.06014
           2.16               244.84852                244.75814
           2.34               244.53615                244.43027
           2.52               244.19919                244.07663
            2.7               243.83773                243.69733
           2.88               243.45187                243.29248
           3.06               243.04172                242.86221
           3.24               242.60738                242.40664
           3.42               242.14897                241.92591
            3.6               241.66663                241.42017
           3.78               241.16047                240.88955
           3.96               240.63064                240.33423
           4.14               240.07727                239.75437
           4.32               239.50053                239.15013
            4.5               238.90056                238.52171
           4.68               238.27752                237.86928
           4.86               237.63159                237.19304
           5.04               236.96293                236.49318
           5.22               236.27173                235.76992
            5.4               235.55818                235.02347
           5.58               234.82245                234.25405
           5.76               234.06475                233.46188
           5.94               233.28529                232.64719
           6.12               232.48426                231.81023
            6.3               231.66189                230.95124
           6.48               230.81839                230.07047
           6.66               229.95398                229.16817
           6.84               229.06889                228.24461
           7.02               228.16337                227.30005
            7.2               227.23763                226.33477
           7.38               226.29194                225.34904
           7.56               225.32654                224.34316
           7.74               224.34167                223.3174
           7.92               223.33761                222.27206
            8.1               222.3146                221.20744
           8.28               221.27292                220.12384
           8.46               220.21285                219.02157
           8.64               219.13464                217.90095
           8.82               218.03858                216.76228
              9               216.92497                215.60589
           9.18               215.79407                214.4321
           9.36               214.64618                213.24124
           9.54               213.4816                212.03364
           9.72               212.30062                210.80965
            9.9               211.10354                209.56959
          10.08               209.89068                208.3138
          10.26               208.66233                207.04265
          10.44               207.4188                205.75646
          10.62               206.16041                204.4556
           10.8               204.88747                203.14042
          10.98               203.60031                201.81127
          11.16               202.29924                200.46851
          11.34               200.98459                199.1125
          11.52               199.65668                197.74361
           11.7               198.31584                196.36221
          11.88               196.9624                194.96865
          12.06               195.59669                193.5633
          12.24               194.21905                192.14654
          12.42               192.8298                190.71874
           12.6               191.4293                189.28027
          12.78               190.01787                187.83149
          12.96               188.59586                186.3728
          13.14               187.1636                184.90455
          13.32               185.72143                183.42713
           13.5               184.26971                181.94091
          13.68               182.80877                180.44626
          13.86               181.33896                178.94357
          14.04               179.86062                177.43321
          14.22               178.3741                175.91555
           14.4               176.87974                174.39097
          14.58               175.37789                172.85985
          14.76               173.86889                171.32255
          14.94               172.35309                169.77946
          15.12               170.83083                168.23094
           15.3               169.30246                166.67736
          15.48               167.76833                165.11911
          15.66               166.22877                163.55653
          15.84               164.68414                161.99001
          16.02               163.13477                160.41991
           16.2               161.581                158.84658
          16.38               160.02318                157.27041
          16.56               158.46164                155.69173
          16.74               156.89673                154.11092
          16.92               155.32877                152.52833
           17.1               153.75812                150.9443
          17.28               152.18509                149.3592
          17.46               150.61003                147.77337
          17.64               149.03326                146.18716
          17.82               147.45511                144.6009
             18               145.8759                143.01495
          18.18               144.29597                141.42963
          18.36               142.71564                139.84527
          18.54               141.13522                138.26222
          18.72               139.55503                136.68079
           18.9               137.97539                135.1013
          19.08               136.39661                133.52409
          19.26               134.819                131.94946
          19.44               133.24287                130.37773
          19.62               131.66852                128.8092
           19.8               130.09625                127.24418
          19.98               128.52636                125.68298
          20.16               126.95915                124.12587
          20.34               125.39491                122.57317
          20.52               123.83393                121.02515
           20.7               122.27649                119.4821
          20.88               120.72287                117.94429
          21.06               119.17336                116.41201
          21.24               117.62823                114.88552
          21.42               116.08775                113.36509
           21.6               114.55218                111.85098
          21.78               113.0218                110.34343
          21.96               111.49686                108.84272
          22.14               109.97762                107.34907
          22.32               108.46433                105.86274
           22.5               106.95724                104.38395
          22.68               105.45659                102.91295
          22.86               103.96262                101.44995
          23.04               102.47557                99.995175
          23.22               100.99567                98.548845
           23.4               99.523155                97.111169
          23.58               98.058237                95.682352
          23.76               96.60114                94.262596
          23.94               95.152077                92.852095
          24.12               93.711259                91.451039
           24.3               92.278891                90.059614
          24.48               90.855174                88.677999
          24.66               89.440305                87.306368
          24.84               88.034476                85.94489
          25.02               86.637874                84.59373
           25.2               85.250682                83.253044
          25.38               83.873079                81.922987
          25.56               82.505237                80.603705
          25.74               81.147326                79.295342
          25.92               79.79951                77.998034
           26.1               78.461949                76.711913
          26.28               77.134797                75.437106
          26.46               75.818204                74.173734
          26.64               74.512317                72.921913
          26.82               73.217275                71.681754
             27               71.933215                70.453362
          27.18               70.660267                69.236837
          27.36               69.398559                68.032276
          27.54               68.148212                66.839766
          27.72               66.909343                65.659395
           27.9               65.682064                64.49124
          28.08               64.466484                63.335378
          28.26               63.262705                62.191878
          28.44               62.070825                61.060804
          28.62               60.890939                59.942217
           28.8               59.723134                58.836171
          28.98               58.567496                57.742717
          29.16               57.424104                56.661899
          29.34               56.293033                55.593759
          29.52               55.174354                54.538331
           29.7               54.068133                53.495648
          29.88               52.974431                52.465735
          30.06               51.893306                51.448615
          30.24               50.824809                50.444305
          30.42               49.76899                49.452818
           30.6               48.725892                48.474162
          30.78               47.695554                47.508343
          30.96               46.678011                46.55536
          31.14               45.673295                45.615208
          31.32               44.681432                44.687881
           31.5               43.702444                43.773364
          31.68               42.73635                42.871643
          31.86               41.783163                41.982695
          32.04               40.842894                41.106498
          32.22               39.915549                40.243024
           32.4               39.00113                39.39224
          32.58               38.099634                38.554111
          32.76               37.211057                37.728599
          32.94               36.335388                36.91566
          33.12               35.472615                36.115248
           33.3               34.622719                35.327315
          33.48               33.785682                34.551808
          33.66               32.961477                33.788671
          33.84               32.150077                33.037844
          34.02               31.351452                32.299266
           34.2               30.565565                31.572872
          34.38               29.792378                30.858593
          34.56               29.031851                30.156359
          34.74               28.283939                29.466097
          34.92               27.548592                28.787729
           35.1               26.82576                28.121177
          35.28               26.11539                27.466359
          35.46               25.417422                26.823192
          35.64               24.731798                26.191589
          35.82               24.058454                25.571462
             36               23.397325                24.96272
          36.18               22.74834                24.365269
          36.36               22.11143                23.779015
          36.54               21.486519                23.20386
          36.72               20.873531                22.639707
           36.9               20.272388                22.086453
          37.08               19.683006                21.543997
          37.26               19.105304                21.012233
          37.44               18.539193                20.491057
          37.62               17.984586                19.980361
           37.8               17.441391                19.480035
          37.98               16.909517                18.98997
          38.16               16.388868                18.510054
          38.34               15.879347                18.040175
          38.52               15.380856                17.580217
           38.7               14.893293                17.130066
          38.88               14.416557                16.689607
          39.06               13.950544                16.258721
          39.24               13.495147                15.837291
          39.42               13.05026                15.425198
           39.6               12.615773                15.022322
          39.78               12.191577                14.628544
          39.96               11.777559                14.243742
          40.14               11.373606                13.867795
          40.32               10.979605                13.50058
           40.5               10.59544                13.141977
          40.68               10.220994                12.791861
          40.86               9.8561494                12.45011
          41.04               9.500788                12.1166
          41.22               9.1547901                11.791208
           41.4               8.8180351                11.473811
          41.58               8.4904018                11.164285
          41.76               8.1717682                10.862506
          41.94               7.8620114                10.568351
          42.12               7.5610081                10.281695
           42.3               7.2686344                10.002417
          42.48               6.9847657                9.7303913
          42.66               6.7092773                9.4654965
          42.84               6.4420436                9.2076096
          43.02               6.182939                8.9566084
           43.2               5.9318375                8.712371
          43.38               5.6886129                8.4747759
          43.56               5.4531387                8.2437022
          43.74               5.2252884                8.0190295
          43.92               5.0049355                7.800638
           44.1               4.7919531                7.5884085
          44.28               4.5862146                7.3822224
          44.46               4.3875936                7.1819619
          44.64               4.1959635                6.9875099
          44.82               4.0111981                6.79875
             45               3.8331713                6.6155667
          45.18               3.6617573                6.4378454
          45.36               3.4968306                6.2654721
          45.54               3.338266                6.098334
          45.72               3.1859389                5.9363193
           45.9               3.0397249                5.7793167
          46.08               2.8995001                5.6272165
          46.26               2.7651414                5.4799095
          46.44               2.636526                5.337288
          46.62               2.5135316                5.199245
           46.8               2.396037                5.0656749
          46.98               2.2839211                4.936473
          47.16               2.177064                4.8115359
          47.34               2.0753462                4.6907613
          47.52               1.9786492                4.5740481
           47.7               1.8868554                4.4612965
          47.88               1.7998476                4.3524077
          48.06               1.7175101                4.2472843
          48.24               1.6397275                4.1458301
          48.42               1.5663859                4.0479504
           48.6               1.497372                3.9535513
          48.78               1.4325735                3.8625407
          48.96               1.3718794                3.7748275
          49.14               1.3151796                3.690322
          49.32               1.2623649                3.6089359
           49.5               1.2133274                3.5305821
          49.68               1.1679605                3.455175
          49.86               1.1261582                3.3826301
          50.04               1.0878162                3.3128647
          50.22               1.0528312                3.2457969
           50.4               1.021101                3.1813466
          50.58               0.99252474                3.1194348
          50.76               0.96700277                3.0599841
          50.94               0.9444367                3.0029184
          51.12               0.92472942                2.9481628
           51.3               0.90778509                2.8956439
          51.48               0.89350919                2.8452898
          51.66               0.8818085                2.7970297
          51.84               0.87259115                2.7507944
          52.02               0.86576658                2.706516
           52.2               0.8612456                2.6641278
          52.38               0.85894036                2.6235647
          52.56               0.85876438                2.5847628
          52.74               0.86063257                2.5476596
          52.92               0.86446121                2.5121939
           53.1               0.87016797                2.4783059
          53.28               0.8776719                2.4459369
          53.46               0.88689348                2.4150299
          53.64               0.89775456                2.385529
          53.82               0.9101784                2.3573794
             54               0.92408969                2.330528
          54.18               0.93941452                2.3049226
          54.36               0.95608037                2.2805125
          54.54               0.97401615                2.2572482
          54.72               0.99315218                2.2350814
           54.9               1.0134202                2.213965
          55.08               1.0347533                2.1938533
          55.26               1.0570861                2.1747017
          55.44               1.0803545                2.1564666
          55.62               1.1044958                2.1391059
           55.8               1.1294488                2.1225785
          55.98               1.1551536                2.1068445
          56.16               1.1815517                2.091865
          56.34               1.2085861                2.0776025
          56.52               1.2362009                2.0640204
           56.7               1.2643419                2.0510832
          56.88               1.2929559                2.0387566
          57.06               1.3219914                2.0270072
          57.24               1.3513981                2.0158028
          57.42               1.3811268                2.005112
           57.6               1.4111301                1.9949048
          57.78               1.4413615                1.9851519
          57.96               1.4717761                1.9758249
          58.14               1.5023299                1.9668967
          58.32               1.5329807                1.9583409
           58.5               1.5636872                1.9501321
          58.68               1.5944094                1.9422458
          58.86               1.6251087                1.9346585
          59.04               1.6557476                1.9273473
          59.22               1.6862899                1.9202905
           59.4               1.7167005                1.9134671
          59.58               1.7469456                1.9068568
          59.76               1.7769926                1.9004404
          59.94               1.80681                1.8941993
          60.12               1.8363674                1.8881156
           60.3               1.8656357                1.8821724
          60.48               1.8945868                1.8763534
          60.66               1.9231937                1.8706431
          60.84               1.9514305                1.8650265
          61.02               1.9792724                1.8594895
           61.2               2.0066958                1.8540187
          61.38               2.0336779                1.8486013
          61.56               2.0601971                1.8432251
          61.74               2.0862327                1.8378785
          61.92               2.111765                1.8325506
           62.1               2.1367755                1.8272312
          62.28               2.1612464                1.8219103
          62.46               2.1851609                1.816579
          62.64               2.2085032                1.8112284
          62.82               2.2312585                1.8058505
             63               2.2534127                1.8004378
          63.18               2.2749526                1.794983
          63.36               2.2958661                1.7894796
          63.54               2.3161416                1.7839215
          63.72               2.3357686                1.7783029
           63.9               2.3547374                1.7726187
          64.08               2.3730389                1.766864
          64.26               2.3906648                1.7610344
          64.44               2.4076079                1.755126
          64.62               2.4238614                1.749135
           64.8               2.4394193                1.7430583
          64.98               2.4542763                1.736893
          65.16               2.4684279                1.7306365
          65.34               2.4818702                1.7242866
          65.52               2.4945999                1.7178415
           65.7               2.5066145                1.7112995
          65.88               2.5179121                1.7046594
          66.06               2.5284911                1.6979201
          66.24               2.538351                1.6910809
          66.42               2.5474915                1.6841413
           66.6               2.555913                1.6771012
          66.78               2.5636164                1.6699605
          66.96               2.5706032                1.6627194
          67.14               2.5768754                1.6553784
          67.32               2.5824354                1.6479381
           67.5               2.5872861                1.6403994
          67.68               2.591431                1.6327634
          67.86               2.5948739                1.6250312
          68.04               2.5976191                1.6172041
          68.22               2.5996714                1.6092838
           68.4               2.6010359                1.6012718
          68.58               2.6017181                1.5931701
          68.76               2.6017238                1.5849804
          68.94               2.6010594                1.576705
          69.12               2.5997314                1.5683459
           69.3               2.5977468                1.5599054
          69.48               2.5951128                1.5513859
          69.66               2.591837                1.5427898
          69.84               2.5879272                1.5341198
          70.02               2.5833916                1.5253784
           70.2               2.5782386                1.5165682
          70.38               2.5724769                1.5076921
          70.56               2.5661153                1.4987529
          70.74               2.5591629                1.4897533
          70.92               2.5516291                1.4806963
           71.1               2.5435235                1.4715848
          71.28               2.5348558                1.4624218
          71.46               2.5256359                1.4532103
          71.64               2.5158738                1.4439532
          71.82               2.50558                1.4346536
             72               2.4947646                1.4253145
          72.18               2.4834384                1.415939
          72.36               2.4716118                1.4065301
          72.54               2.4592958                1.3970908
          72.72               2.4465012                1.3876243
           72.9               2.433239                1.3781334
          73.08               2.4195201                1.3686212
          73.26               2.4053559                1.3590908
          73.44               2.3907574                1.349545
          73.62               2.375736                1.3399869
           73.8               2.3603029                1.3304193
          73.98               2.3444696                1.3208452
          74.16               2.3282473                1.3112673
          74.34               2.3116476                1.3016886
          74.52               2.2946818                1.2921118
           74.7               2.2773614                1.2825396
          74.88               2.2596979                1.2729748
          75.06               2.2417026                1.2634201
          75.24               2.223387                1.2538779
          75.42               2.2047624                1.244351
           75.6               2.1858404                1.2348418
          75.78               2.1666321                1.2253527
          75.96               2.1471489                1.2158863
          76.14               2.1274021                1.2064448
          76.32               2.1074028                1.1970305
           76.5               2.0871623                1.1876458
          76.68               2.0666915                1.1782928
          76.86               2.0460016                1.1689736
          77.04               2.0251034                1.1596903
          77.22               2.0040078                1.150445
           77.4               1.9827256                1.1412396
          77.58               1.9612674                1.1320759
          77.76               1.939644                1.1229559
          77.94               1.9178657                1.1138813
          78.12               1.8959431                1.1048539
           78.3               1.8738863                1.0958752
          78.48               1.8517056                1.086947
          78.66               1.8294111                1.0780706
          78.84               1.8070127                1.0692477
          79.02               1.7845203                1.0604796
           79.2               1.7619436                1.0517677
          79.38               1.7392923                1.0431133
          79.56               1.7165757                1.0345175
          79.74               1.6938032                1.0259817
          79.92               1.6709841                1.0175069
           80.1               1.6481275                1.0090942
          80.28               1.6252422                1.0007446
          80.46               1.6023371                0.99245903
          80.64               1.5794209                0.98423839
          80.82               1.5565021                0.97608353
             81               1.5335891                0.96799523
          81.18               1.5106901                0.95997423
          81.36               1.4878132                0.95202119
          81.54               1.4649664                0.94413676
          81.72               1.4421575                0.9363215
           81.9               1.419394                0.92857594
          82.08               1.3966836                0.92090057
          82.26               1.3740336                0.9132958
          82.44               1.3514512                0.90576203
          82.62               1.3289434                0.89829959
           82.8               1.3065171                0.89090877
          82.98               1.2841791                0.88358982
          83.16               1.261936                0.87634294
          83.34               1.2397942                0.8691683
          83.52               1.21776                0.86206603
           83.7               1.1958396                0.8550362
          83.88               1.1740389                0.84807885
          84.06               1.1523638                0.84119401
          84.24               1.1308199                0.83438164
          84.42               1.1094129                0.82764167
           84.6               1.088148                0.82097402
          84.78               1.0670305                0.81437854
          84.96               1.0460655                0.80785509
          85.14               1.0252579                0.80140346
          85.32               1.0046126                0.79502345
           85.5               0.98413419                0.78871479
          85.68               0.96382712                0.78247722
          85.86               0.94369577                0.77631044
          86.04               0.92374437                0.77021411
          86.22               0.90397698                0.76418789
           86.4               0.88439754                0.75823141
          86.58               0.86500983                0.75234427
          86.76               0.8458175                0.74652605
          86.94               0.82682407                0.74077634
          87.12               0.80803293                0.73509467
           87.3               0.78944731                0.72948057
          87.48               0.77107034                0.72393357
          87.66               0.75290499                0.71845316
          87.84               0.73495411                0.71303883
          88.02               0.71722045                0.70769005
           88.2               0.69970658                0.70240628
          88.38               0.682415                0.69718698
          88.56               0.66534805                0.69203158
          88.74               0.64850796                0.68693951
          88.92               0.63189685                0.68191019
           89.1               0.61551671                0.67694304
          89.28               0.59936942                0.67203747
          89.46               0.58345675                0.66719288
          89.64               0.56778035                0.66240865
          89.82               0.55234176                0.6576842
             90               0.53714242                0.65301889
          90.18               0.52218366                0.64841213
          90.36               0.5074667                0.64386329
          90.54               0.49299267                0.63937176
          90.72               0.47876258                0.63493692
           90.9               0.46477735                0.63055814
          91.08               0.45103782                0.62623482
          91.26               0.43754471                0.62196634
          91.44               0.42429866                0.61775208
          91.62               0.41130022                0.61359144
           91.8               0.39854984                0.60948379
          91.98               0.3860479                0.60542855
          92.16               0.37379469                0.60142511
          92.34               0.36179039                0.59747287
          92.52               0.35003514                0.59357125
           92.7               0.33852898                0.58971965
          92.88               0.32727187                0.5859175
          93.06               0.3162637                0.58216423
          93.24               0.30550428                0.57845927
          93.42               0.29499337                0.57480206
           93.6               0.28473063                0.57119206
          93.78               0.27471567                0.56762871
          93.96               0.26494803                0.56411148
          94.14               0.25542718                0.56063985
          94.32               0.24615255                0.5572133
           94.5               0.23712348                0.55383131
          94.68               0.22833927                0.55049339
          94.86               0.21979916                0.54719906
          95.04               0.21150233                0.54394781
          95.22               0.20344791                0.5407392
           95.4               0.19563497                0.53757274
          95.58               0.18806256                0.534448
          95.76               0.18072964                0.53136453
          95.94               0.17363515                0.52832189
          96.12               0.16677799                0.52531967
           96.3               0.160157                0.52235745
          96.48               0.15377098                0.51943483
          96.66               0.1476187                0.51655142
          96.84               0.14169889                0.51370685
          97.02               0.13601024                0.51090073
           97.2               0.1305514                0.50813271
          97.38               0.12532101                0.50540243
          97.56               0.12031764                0.50270956
          97.74               0.11553985                0.50005377
          97.92               0.11098619                0.49743473
           98.1               0.10665516                0.49485213
          98.28               0.10254522                0.49230567
          98.46               0.098654839                0.48979506
          98.64               0.094982441                0.48732001
          98.82               0.091526434                0.48488025
             99               0.088285204                0.48247551
          99.18               0.085257118                0.48010554
          99.36               0.082440527                0.47777009
          99.54               0.07983376                0.47546891
          99.72               0.077435135                0.47320178
           99.9               0.075242954                0.47096847
         100.08               0.073255504                0.46876875
         100.26               0.071471062                0.46660243
         100.44               0.069887892                0.4644693
         100.62               0.06850425                0.46236916
          100.8               0.067318381                0.46030182
         100.98               0.066328523                0.45826709
         101.16               0.065532906                0.4562648
         101.34               0.064929756                0.45429478
         101.52               0.064517293                0.45235685
          101.7               0.064293732                0.45045085
         101.88               0.064257285                0.44857662
         102.06               0.064406164                0.44673401
         102.24               0.064738576                0.44492286
         102.42               0.06525273                0.44314303
          102.6               0.065946834                0.44139437
         102.78               0.066819098                0.43967673
         102.96               0.067867732                0.43798999
         103.14               0.06909095                0.43633399
         103.32               0.070486969                0.4347086
          103.5               0.072054007                0.43311369
         103.68               0.073790292                0.43154912
         103.86               0.075694052                0.43001475
         104.04               0.077763523                0.42851045
         104.22               0.079996947                0.42703608
          104.4               0.082392572                0.42559152
         104.58               0.084948656                0.42417661
         104.76               0.087663463                0.42279123
         104.94               0.090535264                0.42143523
         105.12               0.093562342                0.42010846
          105.3               0.096742987                0.41881079
         105.48               0.1000755                0.41754207
         105.66               0.10355819                0.41630214
         105.84               0.10718938                0.41509085
         106.02               0.11096741                0.41390803
          106.2               0.11489061                0.41275354
         106.38               0.11895734                0.41162719
         106.56               0.12316597                0.41052881
         106.74               0.12751487                0.40945823
         106.92               0.13200245                0.40841526
          107.1               0.1366271                0.40739971
         107.28               0.14138724                0.40641139
         107.46               0.1462813                0.40545008
         107.64               0.15130773                0.40451559
         107.82               0.15646499                0.40360768
            108               0.16175153                0.40272615
         108.18               0.16716586                0.40187075
         108.36               0.17270646                0.40104124
         108.54               0.17837185                0.40023738
         108.72               0.18416057                0.39945891
          108.9               0.19007114                0.39870556
         109.08               0.19610212                0.39797706
         109.26               0.20225209                0.39727312
         109.44               0.20851963                0.39659345
         109.62               0.21490333                0.39593774
          109.8               0.22140182                0.39530569
         109.98               0.22801371                0.39469698
         110.16               0.23473765                0.39411126
         110.34               0.24157229                0.3935482
         110.52               0.24851631                0.39300744
          110.7               0.25556839                0.39248863
         110.88               0.26272722                0.39199138
         111.06               0.26999152                0.39151532
         111.24               0.27736002                0.39106005
         111.42               0.28483145                0.39062517
          111.6               0.29240457                0.39021025
         111.78               0.30007815                0.38981488
         111.96               0.30785096                0.38943861
         112.14               0.3157218                0.389081
         112.32               0.32368948                0.38874159
          112.5               0.33175281                0.38841992
         112.68               0.33991064                0.3881155
         112.86               0.3481618                0.38782784
         113.04               0.35650515                0.38755645
         113.22               0.36493956                0.38730081
          113.4               0.37346392                0.38706041
         113.58               0.38207712                0.38683471
         113.76               0.39077806                0.38662317
         113.94               0.39956565                0.38642525
         114.12               0.40843884                0.38624039
          114.3               0.41739655                0.38606801
         114.48               0.42643773                0.38590755
         114.66               0.43556135                0.38575841
         114.84               0.44476637                0.38562001
         115.02               0.45405177                0.38549173
          115.2               0.46341654                0.38537298
         115.38               0.47285969                0.38526313
         115.56               0.48238021                0.38516155
         115.74               0.49197712                0.38506762
         115.92               0.50164946                0.3849807
          116.1               0.51139625                0.38490015
         116.28               0.52121653                0.38482531
         116.46               0.53110935                0.38475552
         116.64               0.54107378                0.38469013
         116.82               0.55110886                0.38462848
            117               0.56121369                0.38456989
         117.18               0.57138732                0.38451369
         117.36               0.58162885                0.38445921
         117.54               0.59193736                0.38440576
         117.72               0.60231195                0.38435268
          117.9               0.61275172                0.38429927
         118.08               0.62325579                0.38424485
         118.26               0.63382325                0.38418875
         118.44               0.64445323                0.38413028
         118.62               0.65514484                0.38406875
          118.8               0.66589721                0.38400349
         118.98               0.67670948                0.38393382
         119.16               0.68758076                0.38385906
         119.34               0.6985102                0.38377854
         119.52               0.70949694                0.38369159
          119.7               0.72054012                0.38359755
         119.88               0.73163887                0.38349576
         120.06               0.74279236                0.38338556
         120.24               0.75399972                0.38326632
         120.42               0.76526011                0.38313739
          120.6               0.77657268                0.38299814
         120.78               0.78793658                0.38284794
         120.96               0.79935097                0.3826862
         121.14               0.810815                0.3825123
         121.32               0.82232783                0.38232565
          121.5               0.83388862                0.38212568
         121.68               0.84549652                0.38191181
         121.86               0.85715069                0.3816835
         122.04               0.86885028                0.38144021
         122.22               0.88059446                0.38118141
          122.4               0.89238237                0.38090658
         122.58               0.90421318                0.38061525
         122.76               0.91608604                0.38030693
         122.94               0.9280001                0.37998116
         123.12               0.9399545                0.37963752
          123.3               0.95194841                0.37927557
         123.48               0.96398098                0.37889492
         123.66               0.97605134                0.37849519
         123.84               0.98815864                0.37807603
         124.02               1.000302                0.3776371
          124.2               1.0124806                0.37717809
         124.38               1.0246936                0.37669871
         124.56               1.0369401                0.37619872
         124.74               1.0492192                0.37567786
         124.92               1.0615301                0.37513593
          125.1               1.0738719                0.37457276
         125.28               1.0862437                0.37398819
         125.46               1.0986447                0.37338208
         125.64               1.1110739                0.37275436
         125.82               1.1235304                0.37210495
            126               1.1360135                0.37143382
         126.18               1.1485222                0.37074097
         126.36               1.1610556                0.37002642
         126.54               1.1736128                0.36929025
         126.72               1.1861929                0.36853254
          126.9               1.198795                0.36775344
         127.08               1.2114182                0.3669531
         127.26               1.2240617                0.36613172
         127.44               1.2367244                0.36528955
         127.62               1.2494054                0.36442685
          127.8               1.2621039                0.36354395
         127.98               1.2748189                0.36264119
         128.16               1.2875496                0.36171895
         128.34               1.3002948                0.36077768
         128.52               1.3130538                0.35981782
          128.7               1.3258256                0.3588399
         128.88               1.3386093                0.35784445
         129.06               1.3514038                0.35683206
         129.24               1.3642084                0.35580337
         129.42               1.3770219                0.35475904
          129.6               1.3898435                0.35369979
         129.78               1.4026722                0.35262637
         129.96               1.415507                0.35153959
         130.14               1.4283471                0.35044027
         130.32               1.4411913                0.34932931
          130.5               1.4540388                0.34820764
         130.68               1.4668886                0.34707622
         130.86               1.4797397                0.34593607
         131.04               1.4925912                0.34478825
         131.22               1.505442                0.34363387
          131.4               1.5182912                0.34247407
         131.58               1.5311378                0.34131004
         131.76               1.5439809                0.34014303
         131.94               1.5568194                0.33897431
         132.12               1.5696524                0.3378052
          132.3               1.5824788                0.33663709
         132.48               1.5952978                0.33547138
         132.66               1.6081082                0.33430953
         132.84               1.6209092                0.33315305
         133.02               1.6336997                0.33200347
          133.2               1.6464788                0.3308624
         133.38               1.6592454                0.32973147
         133.56               1.6719985                0.32861234
         133.74               1.6847373                0.32750675
         133.92               1.6974607                0.32641646
          134.1               1.7101676                0.32534326
         134.28               1.7228572                0.324289
         134.46               1.7355284                0.32325558
         134.64               1.7481802                0.32224492
         134.82               1.7608118                0.32125898
            135               1.773422                0.32029978
         135.18               1.7860099                0.31936937
         135.36               1.7985745                0.31846982
         135.54               1.8111149                0.31760326
         135.72               1.82363                0.31677186
          135.9               1.836119                0.31597781
         136.08               1.8485808                0.31522334
         136.26               1.8610145                0.31451072
         136.44               1.8734191                0.31384226
         136.62               1.8857937                0.31322028
          136.8               1.8981372                0.31264716
         136.98               1.9104489                0.31212529
         137.16               1.9227276                0.31165711
         137.34               1.9349725                0.31124507
         137.52               1.9471827                0.31089166
          137.7               1.9593571                0.31059939
         137.88               1.971495                0.31037081
         138.06               1.9835953                0.31020849
         138.24               1.9956572                0.310115
         138.42               2.0076797                0.31009297
          138.6               2.0196619                0.31014504
         138.78               2.031603                0.31027384
         138.96               2.043502                0.31048207
         139.14               2.0553582                0.31077241
         139.32               2.0671705                0.31114758
          139.5               2.0789382                0.31161029
         139.68               2.0906603                0.31216328
         139.86               2.1023361                0.31280931
         140.04               2.1139646                0.31355113
         140.22               2.1255451                0.31439151
          140.4               2.1370767                0.31533325
         140.58               2.1485586                0.31637911
         140.76               2.15999                0.31753189
         140.94               2.1713701                0.31879439
         141.12               2.1826981                0.3201694
          141.3               2.1939732                0.32165971
         141.48               2.2051947                0.32326813
         141.66               2.2163617                0.32499744
         141.84               2.2274736                0.32685043
         142.02               2.2385296                0.32882988
          142.2               2.249529                0.33093857
         142.38               2.260471                0.33317925
         142.56               2.2713549                0.33555469
         142.74               2.2821801                0.33806762
         142.92               2.2929458                0.34072076
          143.1               2.3036514                0.34351683
         143.28               2.3142963                0.34645852
         143.46               2.3248797                0.34954849
         143.64               2.335401                0.35278939
         143.82               2.3458597                0.35618385
            144               2.356255                0.35973447
         144.18               2.3665864                0.36344382
         144.36               2.3768533                0.36731445
         144.54               2.3870552                0.37134886
         144.72               2.3971914                0.37554954
          144.9               2.4072614                0.37991894
         145.08               2.4172647                0.38445947
         145.26               2.4272007                0.3891735
         145.44               2.4370689                0.39406336
         145.62               2.4468689                0.39913134
          145.8               2.4566002                0.4043797
         145.98               2.4662622                0.40981065
         146.16               2.4758546                0.41542633
         146.34               2.4853768                0.42122885
         146.52               2.4948286                0.42722029
          146.7               2.5042093                0.43340263
         146.88               2.5135187                0.43977785
         147.06               2.5227564                0.44634783
         147.24               2.531922                0.45311442
         147.42               2.5410151                0.46007941
          147.6               2.5500353                0.46724451
         147.78               2.5589825                0.47461139
         147.96               2.5678562                0.48218165
         148.14               2.5766561                0.48995681
         148.32               2.5853821                0.49793835
          148.5               2.5940337                0.50612767
         148.68               2.6026107                0.51452609
         148.86               2.611113                0.52313487
         149.04               2.6195402                0.53195519
         149.22               2.6278922                0.54098817
          149.4               2.6361688                0.55023485
         149.58               2.6443698                0.55969617
         149.76               2.652495                0.56937303
         149.94               2.6605442                0.57926622
         150.12               2.6685174                0.58937646
          150.3               2.6764144                0.59970439
         150.48               2.6842351                0.61025057
         150.66               2.6919794                0.62101546
         150.84               2.6996473                0.63199946
         151.02               2.7072386                0.64320285
          151.2               2.7147533                0.65462585
         151.38               2.7221914                0.66626859
         151.56               2.7295528                0.67813108
         151.74               2.7368376                0.69021328
         151.92               2.7440457                0.70251503
          152.1               2.7511772                0.71503609
         152.28               2.7582322                0.72777612
         152.46               2.7652105                0.74073469
         152.64               2.7721124                0.75391127
         152.82               2.7789379                0.76730525
            153               2.785687                0.7809159
         153.18               2.79236                0.79474242
         153.36               2.7989568                0.80878388
         153.54               2.8054777                0.82303928
         153.72               2.8119227                0.83750752
          153.9               2.8182921                0.85218737
         154.08               2.8245859                0.86707755
         154.26               2.8308044                0.88217664
         154.44               2.8369478                0.89748314
         154.62               2.8430163                0.91299544
          154.8               2.84901                0.92871183
         154.98               2.8549293                0.94463052
         155.16               2.8607743                0.9607496
         155.34               2.8665453                0.97706706
         155.52               2.8722426                0.9935808
          155.7               2.8778665                1.0102886
         155.88               2.8834171                1.0271882
         156.06               2.888895                1.0442771
         156.24               2.8943003                1.0615529
         156.42               2.8996333                1.0790129
          156.6               2.9048944                1.0966545
         156.78               2.910084                1.1144749
         156.96               2.9152024                1.1324711
         157.14               2.9202499                1.1506401
         157.32               2.9252269                1.168979
          157.5               2.9301339                1.1874844
         157.68               2.9349711                1.2061531
         157.86               2.9397391                1.2249817
         158.04               2.9444381                1.2439668
         158.22               2.9490686                1.2631047
          158.4               2.9536311                1.2823919
         158.58               2.958126                1.3018245
         158.76               2.9625536                1.3213988
         158.94               2.9669146                1.3411108
         159.12               2.9712092                1.3609566
          159.3               2.9754381                1.3809319
         159.48               2.9796016                1.4010326
         159.66               2.9837003                1.4212545
         159.84               2.9877345                1.4415932
         160.02               2.9917049                1.4620442
          160.2               2.9956119                1.4826031
         160.38               2.999456                1.5032653
         160.56               3.0032378                1.524026
         160.74               3.0069576                1.5448805
         160.92               3.0106162                1.5658241
          161.1               3.0142139                1.5868518
         161.28               3.0177514                1.6079587
         161.46               3.0212291                1.6291398
         161.64               3.0246477                1.6503898
         161.82               3.0280075                1.6717037
            162               3.0313093                1.6930763
         162.18               3.0345535                1.7145023
         162.36               3.0377407                1.7359762
         162.54               3.0408715                1.7574928
         162.72               3.0439464                1.7790465
          162.9               3.046966                1.8006318
         163.08               3.0499308                1.8222432
         163.26               3.0528415                1.8438751
         163.44               3.0556986                1.8655218
         163.62               3.0585026                1.8871775
          163.8               3.0612542                1.9088366
         163.98               3.0639539                1.9304932
         164.16               3.0666023                1.9521416
         164.34               3.0692001                1.9737758
         164.52               3.0717476                1.9953899
          164.7               3.0742456                2.0169781
         164.88               3.0766947                2.0385344
         165.06               3.0790953                2.0600527
         165.24               3.0814482                2.0815272
         165.42               3.0837538                2.1029517
          165.6               3.0860127                2.1243202
         165.78               3.0882256                2.1456266
         165.96               3.090393                2.1668649
         166.14               3.0925155                2.188029
         166.32               3.0945936                2.2091127
          166.5               3.0966279                2.2301101
         166.68               3.0986191                2.2510148
         166.86               3.1005676                2.271821
         167.04               3.1024741                2.2925224
         167.22               3.104339                2.3131129
          167.4               3.1061631                2.3335864
         167.58               3.1079467                2.3539369
         167.76               3.1096906                2.3741583
         167.94               3.1113951                2.3942445
         168.12               3.113061                2.4141895
          168.3               3.1146887                2.4339872
         168.48               3.1162787                2.4536317
         168.66               3.1178317                2.4731169
         168.84               3.1193481                2.4924369
         169.02               3.1208284                2.5115858
          169.2               3.1222733                2.5305577
         169.38               3.1236831                2.5493468
         169.56               3.1250585                2.5679472
         169.74               3.1263999                2.5863531
         169.92               3.1277079                2.6045588
          170.1               3.1289829                2.6225587
         170.28               3.1302254                2.6403471
         170.46               3.1314359                2.6579184
         170.64               3.1326149                2.6752671
         170.82               3.1337629                2.6923876
            171               3.1348803                2.7092747
         171.18               3.1359676                2.7259228
         171.36               3.1370253                2.7423267
         171.54               3.1380538                2.7584813
         171.72               3.1390535                2.7743812
          171.9               3.1400249                2.7900214
         172.08               3.1409684                2.8053969
         172.26               3.1418844                2.8205028
         172.44               3.1427733                2.8353341
         172.62               3.1436356                2.8498861
          172.8               3.1444716                2.864154
         172.98               3.1452817                2.8781333
         173.16               3.1460663                2.8918193
         173.34               3.1468259                2.9052076
         173.52               3.1475606                2.9182939
          173.7               3.1482709                2.9310739
         173.88               3.1489572                2.9435433
         174.06               3.1496198                2.9556982
         174.24               3.150259                2.9675344
         174.42               3.1508751                2.9790481
          174.6               3.1514684                2.9902356
         174.78               3.1520393                3.001093
         174.96               3.1525881                3.0116169
         175.14               3.153115                3.0218038
         175.32               3.1536203                3.0316502
          175.5               3.1541042                3.0411529
         175.68               3.1545671                3.0503088
         175.86               3.1550092                3.0591148
         176.04               3.1554307                3.067568
         176.22               3.1558318                3.0756656
          176.4               3.1562128                3.0834048
         176.58               3.1565739                3.0907831
         176.76               3.1569152                3.0977981
         176.94               3.157237                3.1044473
         177.12               3.1575395                3.1107285
          177.3               3.1578228                3.1166398
         177.48               3.158087                3.1221789
         177.66               3.1583324                3.1273442
         177.84               3.158559                3.1321339
         178.02               3.158767                3.1365464
          178.2               3.1589565                3.1405801
         178.38               3.1591277                3.1442338
         178.56               3.1592806                3.1475062
         178.74               3.1594152                3.1503962
         178.92               3.1595318                3.1529028
          179.1               3.1596303                3.1550253
         179.28               3.1597108                3.1567628
         179.46               3.1597734                3.1581148
         179.64               3.1598181                3.1590808
         179.82               3.1598449                3.1596606
