              0               16.286353                16.286353
           0.18               16.286096                16.285972
           0.36               16.285326                16.284832
           0.54               16.284042                16.282932
           0.72               16.282245                16.280272
            0.9               16.279935                16.276853
           1.08               16.277112                16.272675
           1.26               16.273776                16.267739
           1.44               16.269928                16.262045
           1.62               16.265569                16.255594
            1.8               16.260697                16.248387
           1.98               16.255314                16.240425
           2.16               16.249421                16.231709
           2.34               16.243017                16.22224
           2.52               16.236104                16.21202
            2.7               16.228682                16.20105
           2.88               16.220752                16.189331
           3.06               16.212314                16.176865
           3.24               16.203369                16.163654
           3.42               16.193919                16.149699
            3.6               16.183963                16.135003
           3.78               16.173503                16.119567
           3.96               16.16254                16.103393
           4.14               16.151075                16.086483
           4.32               16.139108                16.068841
            4.5               16.126642                16.050468
           4.68               16.113676                16.031366
           4.86               16.100213                16.011539
           5.04               16.086253                15.990988
           5.22               16.071797                15.969718
            5.4               16.056848                15.947729
           5.58               16.041405                15.925026
           5.76               16.025472                15.901612
           5.94               16.009048                15.877489
           6.12               15.992137                15.852661
            6.3               15.974738                15.827132
           6.48               15.956854                15.800903
           6.66               15.938487                15.77398
           6.84               15.919637                15.746366
           7.02               15.900307                15.718063
            7.2               15.880498                15.689077
           7.38               15.860213                15.659411
           7.56               15.839453                15.629068
           7.74               15.818219                15.598054
           7.92               15.796514                15.566371
            8.1               15.77434                15.534025
           8.28               15.751699                15.501019
           8.46               15.728592                15.467357
           8.64               15.705022                15.433045
           8.82               15.680991                15.398087
              9               15.6565                15.362486
           9.18               15.631553                15.326249
           9.36               15.606152                15.289379
           9.54               15.580298                15.251882
           9.72               15.553993                15.213763
            9.9               15.527241                15.175025
          10.08               15.500044                15.135675
          10.26               15.472404                15.095717
          10.44               15.444323                15.055158
          10.62               15.415804                15.014001
           10.8               15.38685                14.972252
          10.98               15.357463                14.929917
          11.16               15.327645                14.887001
          11.34               15.297399                14.843509
          11.52               15.266728                14.799448
           11.7               15.235635                14.754822
          11.88               15.204122                14.709639
          12.06               15.172192                14.663902
          12.24               15.139848                14.617618
          12.42               15.107092                14.570794
           12.6               15.073928                14.523434
          12.78               15.040358                14.475545
          12.96               15.006385                14.427133
          13.14               14.972012                14.378205
          13.32               14.937243                14.328765
           13.5               14.90208                14.278821
          13.68               14.866526                14.228379
          13.86               14.830584                14.177444
          14.04               14.794258                14.126024
          14.22               14.757549                14.074125
           14.4               14.720463                14.021752
          14.58               14.683001                13.968914
          14.76               14.645168                13.915616
          14.94               14.606965                13.861864
          15.12               14.568397                13.807666
           15.3               14.529466                13.753027
          15.48               14.490177                13.697956
          15.66               14.450532                13.642458
          15.84               14.410534                13.586539
          16.02               14.370188                13.530208
           16.2               14.329496                13.473471
          16.38               14.288462                13.416334
          16.56               14.247089                13.358804
          16.74               14.205381                13.300889
          16.92               14.163342                13.242596
           17.1               14.120974                13.18393
          17.28               14.078281                13.124899
          17.46               14.035268                13.065511
          17.64               13.991936                13.005772
          17.82               13.948291                12.945689
             18               13.904335                12.88527
          18.18               13.860073                12.824521
          18.36               13.815507                12.763449
          18.54               13.770642                12.702062
          18.72               13.725481                12.640367
           18.9               13.680028                12.57837
          19.08               13.634286                12.516079
          19.26               13.58826                12.453501
          19.44               13.541953                12.390644
          19.62               13.495369                12.327514
           19.8               13.448511                12.264118
          19.98               13.401383                12.200465
          20.16               13.35399                12.13656
          20.34               13.306334                12.072411
          20.52               13.258421                12.008025
           20.7               13.210252                11.94341
          20.88               13.161833                11.878572
          21.06               13.113168                11.813519
          21.24               13.064259                11.748258
          21.42               13.015111                11.682796
           21.6               12.965729                11.617141
          21.78               12.916114                11.551298
          21.96               12.866273                11.485276
          22.14               12.816207                11.419081
          22.32               12.765923                11.352721
           22.5               12.715422                11.286203
          22.68               12.66471                11.219534
          22.86               12.613789                11.15272
          23.04               12.562665                11.08577
          23.22               12.511341                11.018689
           23.4               12.45982                10.951485
          23.58               12.408108                10.884166
          23.76               12.356207                10.816737
          23.94               12.304121                10.749205
          24.12               12.251856                10.681579
           24.3               12.199414                10.613864
          24.48               12.146799                10.546068
          24.66               12.094016                10.478196
          24.84               12.041068                10.410257
          25.02               11.98796                10.342257
           25.2               11.934695                10.274202
          25.38               11.881277                10.2061
          25.56               11.82771                10.137957
          25.74               11.773998                10.069779
          25.92               11.720146                10.001573
           26.1               11.666156                9.9333468
          26.28               11.612033                9.8651054
          26.46               11.557781                9.7968559
          26.64               11.503404                9.7286047
          26.82               11.448906                9.6603582
             27               11.39429                9.5921228
          27.18               11.33956                9.5239049
          27.36               11.284721                9.4557107
          27.54               11.229776                9.3875465
          27.72               11.174729                9.3194185
           27.9               11.119584                9.2513328
          28.08               11.064345                9.1832957
          28.26               11.009015                9.1153131
          28.44               10.953599                9.0473912
          28.62               10.898101                8.9795358
           28.8               10.842524                8.9117528
          28.98               10.786871                8.8440483
          29.16               10.731148                8.776428
          29.34               10.675357                8.7088976
          29.52               10.619503                8.641463
           29.7               10.563589                8.5741298
          29.88               10.507618                8.5069036
          30.06               10.451596                8.4397899
          30.24               10.395525                8.3727943
          30.42               10.339409                8.3059223
           30.6               10.283252                8.2391793
          30.78               10.227057                8.1725705
          30.96               10.170829                8.1061013
          31.14               10.114571                8.039777
          31.32               10.058286                7.9736026
           31.5               10.001978                7.9075834
          31.68               9.9456515                7.8417243
          31.86               9.8893091                7.7760304
          32.04               9.8329546                7.7105066
          32.22               9.7765917                7.6451577
           32.4               9.7202239                7.5799887
          32.58               9.6638547                7.5150042
          32.76               9.6074877                7.450209
          32.94               9.5511263                7.3856077
          33.12               9.494774                7.3212048
           33.3               9.4384343                7.2570048
          33.48               9.3821106                7.1930123
          33.66               9.3258064                7.1292315
          33.84               9.269525                7.0656669
          34.02               9.2132698                7.0023226
           34.2               9.1570441                6.9392028
          34.38               9.1008514                6.8763116
          34.56               9.0446948                6.8136532
          34.74               8.9885778                6.7512315
          34.92               8.9325036                6.6890504
           35.1               8.8764754                6.6271139
          35.28               8.8204965                6.5654256
          35.46               8.7645701                6.5039893
          35.64               8.7086993                6.4428088
          35.82               8.6528874                6.3818875
             36               8.5971374                6.321229
          36.18               8.5414525                6.2608368
          36.36               8.4858357                6.2007143
          36.54               8.4302902                6.1408648
          36.72               8.374819                6.0812916
           36.9               8.319425                6.0219978
          37.08               8.2641113                5.9629867
          37.26               8.2088809                5.9042612
          37.44               8.1537367                5.8458244
          37.62               8.0986816                5.7876792
           37.8               8.0437185                5.7298285
          37.98               7.9888502                5.672275
          38.16               7.9340797                5.6150215
          38.34               7.8794098                5.5580707
          38.52               7.8248431                5.5014251
           38.7               7.7703825                5.4450873
          38.88               7.7160308                5.3890598
          39.06               7.6617906                5.3333449
          39.24               7.6076646                5.277945
          39.42               7.5536554                5.2228623
           39.6               7.4997658                5.1680991
          39.78               7.4459983                5.1136574
          39.96               7.3923554                5.0595394
          40.14               7.3388398                5.0057471
          40.32               7.2854539                4.9522824
           40.5               7.2322002                4.8991471
          40.68               7.1790812                4.8463431
          40.86               7.1260994                4.7938722
          41.04               7.0732571                4.741736
          41.22               7.0205567                4.6899361
           41.4               6.9680005                4.638474
          41.58               6.915591                4.5873514
          41.76               6.8633303                4.5365696
          41.94               6.8112208                4.4861299
          42.12               6.7592646                4.4360337
           42.3               6.7074641                4.3862822
          42.48               6.6558212                4.3368767
          42.66               6.6043384                4.2878182
          42.84               6.5530175                4.2391077
          43.02               6.5018607                4.1907463
           43.2               6.4508702                4.142735
          43.38               6.4000478                4.0950745
          43.56               6.3493957                4.0477658
          43.74               6.2989158                4.0008096
          43.92               6.24861                3.9542065
           44.1               6.1984802                3.9079573
          44.28               6.1485284                3.8620625
          44.46               6.0987564                3.8165227
          44.64               6.049166                3.7713382
          44.82               5.9997591                3.7265097
             45               5.9505373                3.6820373
          45.18               5.9015024                3.6379215
          45.36               5.8526562                3.5941625
          45.54               5.8040003                3.5507604
          45.72               5.7555364                3.5077154
           45.9               5.707266                3.4650277
          46.08               5.6591909                3.4226972
          46.26               5.6113125                3.380724
          46.44               5.5636323                3.339108
          46.62               5.5161519                3.297849
           46.8               5.4688728                3.256947
          46.98               5.4217964                3.2164017
          47.16               5.3749241                3.1762128
          47.34               5.3282573                3.13638
          47.52               5.2817973                3.096903
           47.7               5.2355456                3.0577813
          47.88               5.1895033                3.0190146
          48.06               5.1436717                2.9806023
          48.24               5.0980522                2.9425439
          48.42               5.0526459                2.9048387
           48.6               5.007454                2.8674862
          48.78               4.9624776                2.8304857
          48.96               4.9177179                2.7938364
          49.14               4.873176                2.7575376
          49.32               4.828853                2.7215885
           49.5               4.7847498                2.6859882
          49.68               4.7408675                2.6507358
          49.86               4.6972071                2.6158305
          50.04               4.6537696                2.5812712
          50.22               4.6105558                2.547057
           50.4               4.5675667                2.5131868
          50.58               4.5248032                2.4796595
          50.76               4.482266                2.4464739
          50.94               4.4399561                2.4136291
          51.12               4.3978742                2.3811236
           51.3               4.356021                2.3489564
          51.48               4.3143974                2.3171262
          51.66               4.2730039                2.2856316
          51.84               4.2318414                2.2544714
          52.02               4.1909104                2.2236441
           52.2               4.1502117                2.1931484
          52.38               4.1097457                2.1629829
          52.56               4.069513                2.1331461
          52.74               4.0295143                2.1036365
          52.92               3.9897501                2.0744526
           53.1               3.9502208                2.0455929
          53.28               3.9109269                2.0170557
          53.46               3.8718688                1.9888396
          53.64               3.8330471                1.9609428
          53.82               3.794462                1.9333637
             54               3.756114                1.9061007
          54.18               3.7180034                1.879152
          54.36               3.6801305                1.8525159
          54.54               3.6424957                1.8261907
          54.72               3.6050992                1.8001745
           54.9               3.5679412                1.7744657
          55.08               3.5310219                1.7490623
          55.26               3.4943417                1.7239625
          55.44               3.4579006                1.6991645
          55.62               3.4216988                1.6746664
           55.8               3.3857365                1.6504663
          55.98               3.3500137                1.6265623
          56.16               3.3145305                1.6029524
          56.34               3.279287                1.5796346
          56.52               3.2442833                1.5566071
           56.7               3.2095193                1.5338679
          56.88               3.1749951                1.5114148
          57.06               3.1407105                1.4892459
          57.24               3.1066657                1.4673593
          57.42               3.0728604                1.4457527
           57.6               3.0392947                1.4244242
          57.78               3.0059684                1.4033717
          57.96               2.9728813                1.3825931
          58.14               2.9400333                1.3620863
          58.32               2.9074243                1.3418492
           58.5               2.875054                1.3218797
          58.68               2.8429222                1.3021757
          58.86               2.8110287                1.2827349
          59.04               2.7793732                1.2635554
          59.22               2.7479555                1.2446348
           59.4               2.7167753                1.2259711
          59.58               2.6858322                1.207562
          59.76               2.6551259                1.1894055
          59.94               2.6246561                1.1714992
          60.12               2.5944224                1.1538411
           60.3               2.5644244                1.1364289
          60.48               2.5346617                1.1192604
          60.66               2.5051338                1.1023334
          60.84               2.4758404                1.0856457
          61.02               2.446781                1.0691951
           61.2               2.4179551                1.0529794
          61.38               2.3893622                1.0369964
          61.56               2.3610018                1.0212438
          61.74               2.3328734                1.0057194
          61.92               2.3049764                0.99042097
           62.1               2.2773103                0.97534634
          62.28               2.2498745                0.96049326
          62.46               2.2226684                0.9458595
          62.64               2.1956914                0.93144284
          62.82               2.1689429                0.91724106
             63               2.1424222                0.90325193
          63.18               2.1161288                0.88947325
          63.36               2.0900618                0.87590279
          63.54               2.0642208                0.86253835
          63.72               2.0386049                0.84937771
           63.9               2.0132134                0.83641866
          64.08               1.9880457                0.82365901
          64.26               1.963101                0.81109655
          64.44               1.9383785                0.79872909
          64.62               1.9138776                0.78655445
           64.8               1.8895973                0.77457045
          64.98               1.865537                0.76277489
          65.16               1.8416959                0.75116562
          65.34               1.818073                0.73974047
          65.52               1.7946677                0.72849728
           65.7               1.7714791                0.7174339
          65.88               1.7485062                0.70654819
          66.06               1.7257484                0.69583801
          66.24               1.7032046                0.68530124
          66.42               1.6808741                0.67493575
           66.6               1.6587559                0.66473944
          66.78               1.6368492                0.6547102
          66.96               1.615153                0.64484594
          67.14               1.5936664                0.63514458
          67.32               1.5723885                0.62560405
           67.5               1.5513183                0.61622228
          67.68               1.530455                0.60699723
          67.86               1.5097974                0.59792684
          68.04               1.4893448                0.58900908
          68.22               1.469096                0.58024195
           68.4               1.4490502                0.57162342
          68.58               1.4292063                0.56315151
          68.76               1.4095633                0.55482422
          68.94               1.3901203                0.54663958
          69.12               1.3708761                0.53859563
           69.3               1.3518299                0.53069042
          69.48               1.3329805                0.52292202
          69.66               1.3143269                0.51528849
          69.84               1.2958681                0.50778794
          70.02               1.277603                0.50041845
           70.2               1.2595306                0.49317815
          70.38               1.2416498                0.48606517
          70.56               1.2239595                0.47907764
          70.74               1.2064587                0.47221373
          70.92               1.1891463                0.4654716
           71.1               1.1720212                0.45884943
          71.28               1.1550823                0.45234544
          71.46               1.1383285                0.44595782
          71.64               1.1217587                0.4396848
          71.82               1.1053718                0.43352464
             72               1.0891667                0.42747558
          72.18               1.0731423                0.42153589
          72.36               1.0572975                0.41570387
          72.54               1.0416311                0.4099778
          72.72               1.026142                0.40435602
           72.9               1.0108291                0.39883685
          73.08               0.99569124                0.39341864
          73.26               0.9807273                0.38809974
          73.44               0.96593613                0.38287855
          73.62               0.95131659                0.37775344
           73.8               0.93686754                0.37272284
          73.98               0.92258782                0.36778516
          74.16               0.90847628                0.36293884
          74.34               0.89453177                0.35818235
          74.52               0.88075314                0.35351415
           74.7               0.86713923                0.34893274
          74.88               0.85368888                0.3444366
          75.06               0.84040093                0.34002428
          75.24               0.82727422                0.33569429
          75.42               0.81430758                0.3314452
           75.6               0.80149985                0.32727556
          75.78               0.78884986                0.32318397
          75.96               0.77635645                0.31916903
          76.14               0.76401846                0.31522934
          76.32               0.7518347                0.31136355
           76.5               0.73980402                0.30757029
          76.68               0.72792525                0.30384825
          76.86               0.71619722                0.30019608
          77.04               0.70461876                0.2966125
          77.22               0.69318871                0.29309621
           77.4               0.68190588                0.28964594
          77.58               0.67076913                0.28626043
          77.76               0.65977728                0.28293846
          77.94               0.64892916                0.27967878
          78.12               0.63822361                0.2764802
           78.3               0.62765947                0.27334153
          78.48               0.61723557                0.27026158
          78.66               0.60695076                0.26723919
          78.84               0.59680386                0.26427323
          79.02               0.58679373                0.26136256
           79.2               0.5769192                0.25850608
          79.38               0.56717912                0.25570267
          79.56               0.55757233                0.25295127
          79.74               0.54809769                0.2502508
          79.92               0.53875404                0.24760021
           80.1               0.52954024                0.24499847
          80.28               0.52045514                0.24244455
          80.46               0.51149761                0.23993746
          80.64               0.50266648                0.2374762
          80.82               0.49396065                0.2350598
             81               0.48537895                0.23268729
          81.18               0.47692028                0.23035773
          81.36               0.46858348                0.2280702
          81.54               0.46036745                0.22582377
          81.72               0.45227106                0.22361754
           81.9               0.44429318                0.22145063
          82.08               0.4364327                0.21932217
          82.26               0.42868852                0.2172313
          82.44               0.42105951                0.21517717
          82.62               0.41354458                0.21315896
           82.8               0.40614262                0.21117586
          82.98               0.39885253                0.20922705
          83.16               0.39167322                0.20731175
          83.34               0.38460361                0.2054292
          83.52               0.3776426                0.20357863
           83.7               0.37078911                0.20175929
          83.88               0.36404206                0.19997046
          84.06               0.35740039                0.19821141
          84.24               0.35086301                0.19648143
          84.42               0.34442888                0.19477984
           84.6               0.33809692                0.19310596
          84.78               0.33186608                0.19145911
          84.96               0.32573532                0.18983865
          85.14               0.31970358                0.18824393
          85.32               0.31376982                0.18667432
           85.5               0.307933                0.1851292
          85.68               0.30219211                0.18360798
          85.86               0.2965461                0.18211006
          86.04               0.29099396                0.18063486
          86.22               0.28553466                0.17918182
           86.4               0.28016721                0.17775037
          86.58               0.27489059                0.17633997
          86.76               0.2697038                0.17495008
          86.94               0.26460585                0.1735802
          87.12               0.25959575                0.1722298
           87.3               0.2546725                0.17089839
          87.48               0.24983514                0.16958548
          87.66               0.24508269                0.16829059
          87.84               0.24041418                0.16701326
          88.02               0.23582865                0.16575303
           88.2               0.23132514                0.16450946
          88.38               0.2269027                0.1632821
          88.56               0.22256038                0.16207054
          88.74               0.21829725                0.16087437
          88.92               0.21411237                0.15969317
           89.1               0.21000481                0.15852656
          89.28               0.20597365                0.15737415
          89.46               0.20201798                0.15623556
          89.64               0.19813689                0.15511044
          89.82               0.19432946                0.15399841
             90               0.19059481                0.15289915
          90.18               0.18693204                0.1518123
          90.36               0.18334026                0.15073754
          90.54               0.17981859                0.14967456
          90.72               0.17636616                0.14862303
           90.9               0.17298211                0.14758267
          91.08               0.16966557                0.14655316
          91.26               0.16641568                0.14553424
          91.44               0.1632316                0.14452561
          91.62               0.16011248                0.14352702
           91.8               0.15705749                0.1425382
          91.98               0.15406579                0.1415589
          92.16               0.15113656                0.14058886
          92.34               0.14826899                0.13962786
          92.52               0.14546226                0.13867566
           92.7               0.14271556                0.13773205
          92.88               0.14002811                0.13679679
          93.06               0.13739909                0.13586969
          93.24               0.13482774                0.13495054
          93.42               0.13231326                0.13403915
           93.6               0.12985489                0.13313533
          93.78               0.12745186                0.13223889
          93.96               0.1251034                0.13134967
          94.14               0.12280876                0.13046749
          94.32               0.1205672                0.12959219
           94.5               0.11837797                0.12872361
          94.68               0.11624034                0.1278616
          94.86               0.11415357                0.12700602
          95.04               0.11211695                0.12615673
          95.22               0.11012976                0.1253136
           95.4               0.10819128                0.12447649
          95.58               0.10630082                0.1236453
          95.76               0.10445768                0.12281989
          95.94               0.10266116                0.12200015
          96.12               0.10091059                0.12118599
           96.3               0.099205276                0.1203773
          96.48               0.097544557                0.11957398
          96.66               0.095927765                0.11877594
          96.84               0.094354239                0.1179831
          97.02               0.092823328                0.11719536
           97.2               0.091334383                0.11641266
          97.38               0.089886766                0.11563492
          97.56               0.088479841                0.11486207
          97.74               0.087112982                0.11409405
          97.92               0.085785565                0.11333079
           98.1               0.084496976                0.11257223
          98.28               0.083246605                0.11181833
          98.46               0.082033849                0.11106902
          98.64               0.080858112                0.11032428
          98.82               0.079718802                0.10958405
             99               0.078615335                0.1088483
          99.18               0.077547133                0.10811699
          99.36               0.076513622                0.10739009
          99.54               0.075514237                0.10666756
          99.72               0.074548417                0.10594939
           99.9               0.073615608                0.10523555
         100.08               0.072715261                0.10452602
         100.26               0.071846835                0.10382079
         100.44               0.071009792                0.10311983
         100.62               0.070203602                0.10242315
          100.8               0.069427742                0.10173072
         100.98               0.068681691                0.10104255
         101.16               0.067964938                0.10035862
         101.34               0.067276976                0.099678943
         101.52               0.066617302                0.099003514
          101.7               0.065985422                0.098332337
         101.88               0.065380847                0.097665416
         102.06               0.064803091                0.097002759
         102.24               0.064251678                0.096344374
         102.42               0.063726134                0.095690274
          102.6               0.063225993                0.09504047
         102.78               0.062750793                0.094394978
         102.96               0.062300078                0.093753814
         103.14               0.061873398                0.093116996
         103.32               0.061470309                0.092484544
          103.5               0.061090371                0.091856478
         103.68               0.06073315                0.091232822
         103.86               0.060398219                0.0906136
         104.04               0.060085154                0.089998836
         104.22               0.059793537                0.089388557
          104.4               0.059522956                0.088782791
         104.58               0.059273005                0.088181567
         104.76               0.05904328                0.087584914
         104.94               0.058833387                0.086992864
         105.12               0.058642933                0.086405448
          105.3               0.058471532                0.0858227
         105.48               0.058318804                0.085244652
         105.66               0.058184371                0.08467134
         105.84               0.058067864                0.084102798
         106.02               0.057968915                0.083539062
          106.2               0.057887165                0.08298017
         106.38               0.057822256                0.082426157
         106.56               0.057773838                0.081877062
         106.74               0.057741565                0.081332923
         106.92               0.057725095                0.080793778
          107.1               0.057724091                0.080259667
         107.28               0.057738222                0.079730628
         107.46               0.057767159                0.079206702
         107.64               0.057810581                0.078687928
         107.82               0.05786817                0.078174347
            108               0.057939612                0.077665999
         108.18               0.058024599                0.077162925
         108.36               0.058122826                0.076665164
         108.54               0.058233994                0.076172759
         108.72               0.058357808                0.07568575
          108.9               0.058493976                0.075204177
         109.08               0.058642212                0.074728081
         109.26               0.058802234                0.074257504
         109.44               0.058973764                0.073792485
         109.62               0.059156529                0.073333066
          109.8               0.05935026                0.072879286
         109.98               0.05955469                0.072431185
         110.16               0.05976956                0.071988804
         110.34               0.059994611                0.071552182
         110.52               0.060229593                0.071121359
          110.7               0.060474255                0.070696374
         110.88               0.060728353                0.070277265
         111.06               0.060991645                0.06986407
         111.24               0.061263896                0.069456829
         111.42               0.061544873                0.069055577
          111.6               0.061834344                0.068660354
         111.78               0.062132087                0.068271194
         111.96               0.062437878                0.067888136
         112.14               0.0627515                0.067511213
         112.32               0.063072739                0.067140462
          112.5               0.063401384                0.066775917
         112.68               0.063737229                0.066417612
         112.86               0.064080069                0.066065581
         113.04               0.064429705                0.065719857
         113.22               0.064785941                0.065380472
          113.4               0.065148583                0.065047458
         113.58               0.065517442                0.064720846
         113.76               0.065892333                0.064400666
         113.94               0.066273072                0.064086948
         114.12               0.06665948                0.063779722
          114.3               0.067051381                0.063479015
         114.48               0.067448601                0.063184855
         114.66               0.067850972                0.06289727
         114.84               0.068258326                0.062616284
         115.02               0.0686705                0.062341925
          115.2               0.069087334                0.062074215
         115.38               0.069508669                0.06181318
         115.56               0.069934353                0.061558843
         115.74               0.070364234                0.061311225
         115.92               0.070798162                0.061070348
          116.1               0.071235993                0.060836234
         116.28               0.071677584                0.060608901
         116.46               0.072122796                0.06038837
         116.64               0.07257149                0.060174657
         116.82               0.073023533                0.059967782
            117               0.073478794                0.05976776
         117.18               0.073937143                0.059574607
         117.36               0.074398454                0.059388338
         117.54               0.074862603                0.059208967
         117.72               0.07532947                0.059036508
          117.9               0.075798936                0.058870972
         118.08               0.076270886                0.058712371
         118.26               0.076745204                0.058560717
         118.44               0.077221782                0.058416017
         118.62               0.077700509                0.058278282
          118.8               0.07818128                0.05814752
         118.98               0.07866399                0.058023737
         119.16               0.079148539                0.05790694
         119.34               0.079634826                0.057797134
         119.52               0.080122755                0.057694324
          119.7               0.080612231                0.057598514
         119.88               0.081103161                0.057509705
         120.06               0.081595454                0.057427901
         120.24               0.082089022                0.057353102
         120.42               0.082583779                0.057285308
          120.6               0.08307964                0.057224518
         120.78               0.083576524                0.057170732
         120.96               0.084074348                0.057123946
         121.14               0.084573037                0.057084157
         121.32               0.085072512                0.057051362
          121.5               0.085572699                0.057025554
         121.68               0.086073526                0.057006729
         121.86               0.086574922                0.05699488
         122.04               0.087076817                0.056989998
         122.22               0.087579145                0.056992076
          122.4               0.088081839                0.057001104
         122.58               0.088584837                0.057017072
         122.76               0.089088076                0.05703997
         122.94               0.089591495                0.057069785
         123.12               0.090095036                0.057106505
          123.3               0.090598641                0.057150117
         123.48               0.091102255                0.057200606
         123.66               0.091605824                0.057257958
         123.84               0.092109294                0.057322157
         124.02               0.092612615                0.057393186
          124.2               0.093115738                0.057471027
         124.38               0.093618613                0.057555664
         124.56               0.094121195                0.057647076
         124.74               0.094623437                0.057745244
         124.92               0.095125296                0.057850148
          125.1               0.095626729                0.057961766
         125.28               0.096127694                0.058080077
         125.46               0.096628152                0.058205058
         125.64               0.097128063                0.058336685
         125.82               0.09762739                0.058474934
            126               0.098126096                0.058619781
         126.18               0.098624146                0.0587712
         126.36               0.099121507                0.058929164
         126.54               0.099618144                0.059093647
         126.72               0.10011403                0.059264621
          126.9               0.10060912                0.059442057
         127.08               0.1011034                0.059625927
         127.26               0.10159684                0.059816201
         127.44               0.10208941                0.060012848
         127.62               0.10258107                0.060215837
          127.8               0.10307182                0.060425138
         127.98               0.10356161                0.060640716
         128.16               0.10405043                0.06086254
         128.34               0.10453826                0.061090576
         128.52               0.10502506                0.06132479
          128.7               0.10551083                0.061565147
         128.88               0.10599554                0.061811612
         129.06               0.10647918                0.062064148
         129.24               0.10696171                0.062322719
         129.42               0.10744313                0.062587288
          129.6               0.10792342                0.062857818
         129.78               0.10840256                0.063134269
         129.96               0.10888054                0.063416604
         130.14               0.10935733                0.063704783
         130.32               0.10983294                0.063998766
          130.5               0.11030733                0.064298512
         130.68               0.11078051                0.064603982
         130.86               0.11125246                0.064915132
         131.04               0.11172316                0.065231922
         131.22               0.11219261                0.065554309
          131.4               0.11266079                0.065882251
         131.58               0.1131277                0.066215703
         131.76               0.11359333                0.066554622
         131.94               0.11405766                0.066898963
         132.12               0.11452069                0.067248683
          132.3               0.11498241                0.067603735
         132.48               0.11544282                0.067964074
         132.66               0.11590191                0.068329654
         132.84               0.11635966                0.068700429
         133.02               0.11681608                0.069076351
          133.2               0.11727116                0.069457374
         133.38               0.11772489                0.069843449
         133.56               0.11817728                0.070234529
         133.74               0.11862831                0.070630566
         133.92               0.11907798                0.071031509
          134.1               0.11952629                0.071437311
         134.28               0.11997323                0.071847921
         134.46               0.12041881                0.07226329
         134.64               0.12086302                0.072683367
         134.82               0.12130585                0.073108103
            135               0.12174731                0.073537445
         135.18               0.1221874                0.073971343
         135.36               0.1226261                0.074409745
         135.54               0.12306343                0.0748526
         135.72               0.12349938                0.075299855
          135.9               0.12393394                0.075751458
         136.08               0.12436713                0.076207357
         136.26               0.12479894                0.076667497
         136.44               0.12522936                0.077131827
         136.62               0.12565841                0.077600292
          136.8               0.12608607                0.078072838
         136.98               0.12651235                0.078549413
         137.16               0.12693726                0.079029961
         137.34               0.12736078                0.079514428
         137.52               0.12778293                0.08000276
          137.7               0.1282037                0.080494901
         137.88               0.1286231                0.080990797
         138.06               0.12904113                0.081490391
         138.24               0.12945778                0.08199363
         138.42               0.12987306                0.082500456
          138.6               0.13028697                0.083010813
         138.78               0.13069951                0.083524647
         138.96               0.13111069                0.084041901
         139.14               0.1315205                0.084562517
         139.32               0.13192895                0.085086441
          139.5               0.13233604                0.085613614
         139.68               0.13274177                0.086143981
         139.86               0.13314615                0.086677483
         140.04               0.13354917                0.087214065
         140.22               0.13395084                0.087753668
          140.4               0.13435116                0.088296235
         140.58               0.13475013                0.088841709
         140.76               0.13514775                0.089390033
         140.94               0.13554403                0.089941148
         141.12               0.13593897                0.090494996
          141.3               0.13633256                0.09105152
         141.48               0.13672482                0.091610662
         141.66               0.13711574                0.092172364
         141.84               0.13750533                0.092736567
         142.02               0.13789358                0.093303214
          142.2               0.13828051                0.093872246
         142.38               0.1386661                0.094443604
         142.56               0.13905037                0.095017231
         142.74               0.1394333                0.095593067
         142.92               0.13981492                0.096171055
          143.1               0.14019521                0.096751136
         143.28               0.14057418                0.097333251
         143.46               0.14095183                0.097917342
         143.64               0.14132816                0.09850335
         143.82               0.14170317                0.099091216
            144               0.14207687                0.099680883
         144.18               0.14244925                0.10027229
         144.36               0.14282031                0.10086538
         144.54               0.14319006                0.10146009
         144.72               0.1435585                0.10205637
          144.9               0.14392562                0.10265416
         145.08               0.14429143                0.10325339
         145.26               0.14465592                0.10385402
         145.44               0.14501911                0.10445597
         145.62               0.14538098                0.1050592
          145.8               0.14574154                0.10566364
         145.98               0.14610079                0.10626924
         146.16               0.14645872                0.10687593
         146.34               0.14681534                0.10748367
         146.52               0.14717065                0.10809238
          146.7               0.14752464                0.10870201
         146.88               0.14787732                0.10931251
         147.06               0.14822868                0.10992382
         147.24               0.14857872                0.11053587
         147.42               0.14892745                0.11114862
          147.6               0.14927485                0.11176199
         147.78               0.14962094                0.11237594
         147.96               0.1499657                0.11299041
         148.14               0.15030913                0.11360533
         148.32               0.15065124                0.11422066
          148.5               0.15099202                0.11483633
         148.68               0.15133147                0.11545229
         148.86               0.15166959                0.11606847
         149.04               0.15200637                0.11668483
         149.22               0.15234181                0.1173013
          149.4               0.15267591                0.11791783
         149.58               0.15300867                0.11853437
         149.76               0.15334007                0.11915084
         149.94               0.15367013                0.11976721
         150.12               0.15399884                0.12038341
          150.3               0.15432618                0.12099938
         150.48               0.15465217                0.12161508
         150.66               0.15497679                0.12223043
         150.84               0.15530004                0.1228454
         151.02               0.15562192                0.12345992
          151.2               0.15594243                0.12407393
         151.38               0.15626155                0.12468739
         151.56               0.15657928                0.12530023
         151.74               0.15689563                0.1259124
         151.92               0.15721058                0.12652385
          152.1               0.15752413                0.12713452
         152.28               0.15783627                0.12774435
         152.46               0.158147                0.1283533
         152.64               0.15845632                0.12896131
         152.82               0.15876422                0.12956832
            153               0.15907068                0.13017429
         153.18               0.15937572                0.13077915
         153.36               0.15967932                0.13138285
         153.54               0.15998147                0.13198534
         153.72               0.16028217                0.13258657
          153.9               0.16058142                0.13318649
         154.08               0.1608792                0.13378504
         154.26               0.16117552                0.13438216
         154.44               0.16147035                0.13497782
         154.62               0.16176371                0.13557195
          154.8               0.16205557                0.1361645
         154.98               0.16234594                0.13675542
         155.16               0.1626348                0.13734467
         155.34               0.16292215                0.13793219
         155.52               0.16320798                0.13851792
          155.7               0.16349229                0.13910182
         155.88               0.16377506                0.13968384
         156.06               0.1640563                0.14026393
         156.24               0.16433598                0.14084203
         156.42               0.16461411                0.1414181
          156.6               0.16489067                0.14199209
         156.78               0.16516566                0.14256395
         156.96               0.16543907                0.14313363
         157.14               0.1657109                0.14370108
         157.32               0.16598112                0.14426626
          157.5               0.16624974                0.14482911
         157.68               0.16651675                0.14538958
         157.86               0.16678213                0.14594764
         158.04               0.16704588                0.14650322
         158.22               0.167308                0.1470563
          158.4               0.16756846                0.14760681
         158.58               0.16782727                0.14815471
         158.76               0.16808441                0.14869995
         158.94               0.16833988                0.1492425
         159.12               0.16859366                0.1497823
          159.3               0.16884575                0.1503193
         159.48               0.16909614                0.15085347
         159.66               0.16934481                0.15138476
         159.84               0.16959177                0.15191312
         160.02               0.169837                0.15243851
          160.2               0.17008048                0.15296088
         160.38               0.17032222                0.1534802
         160.56               0.1705622                0.15399641
         160.74               0.17080041                0.15450948
         160.92               0.17103685                0.15501936
          161.1               0.1712715                0.15552601
         161.28               0.17150435                0.15602938
         161.46               0.1717354                0.15652944
         161.64               0.17196463                0.15702615
         161.82               0.17219203                0.15751946
            162               0.17241761                0.15800933
         162.18               0.17264133                0.15849572
         162.36               0.17286321                0.15897859
         162.54               0.17308322                0.1594579
         162.72               0.17330135                0.15993362
          162.9               0.17351761                0.1604057
         163.08               0.17373197                0.16087409
         163.26               0.17394443                0.16133878
         163.44               0.17415497                0.16179971
         163.62               0.1743636                0.16225685
          163.8               0.17457029                0.16271016
         163.98               0.17477504                0.1631596
         164.16               0.17497784                0.16360514
         164.34               0.17517868                0.16404674
         164.52               0.17537755                0.16448437
          164.7               0.17557444                0.16491798
         164.88               0.17576933                0.16534754
         165.06               0.17596223                0.16577303
         165.24               0.17615313                0.16619439
         165.42               0.176342                0.1666116
          165.6               0.17652884                0.16702463
         165.78               0.17671365                0.16743344
         165.96               0.17689641                0.167838
         166.14               0.17707712                0.16823827
         166.32               0.17725576                0.16863422
          166.5               0.17743233                0.16902582
         166.68               0.17760681                0.16941303
         166.86               0.1777792                0.16979584
         167.04               0.17794949                0.1701742
         167.22               0.17811766                0.17054808
          167.4               0.17828372                0.17091746
         167.58               0.17844765                0.1712823
         167.76               0.17860944                0.17164258
         167.94               0.17876908                0.17199826
         168.12               0.17892657                0.17234931
          168.3               0.17908189                0.17269572
         168.48               0.17923504                0.17303744
         168.66               0.17938602                0.17337446
         168.84               0.1795348                0.17370675
         169.02               0.17968138                0.17403427
          169.2               0.17982576                0.174357
         169.38               0.17996792                0.17467492
         169.56               0.18010786                0.174988
         169.74               0.18024557                0.17529621
         169.92               0.18038105                0.17559954
          170.1               0.18051428                0.17589794
         170.28               0.18064525                0.17619142
         170.46               0.18077396                0.17647992
         170.64               0.18090041                0.17676345
         170.82               0.18102457                0.17704196
            171               0.18114646                0.17731545
         171.18               0.18126605                0.17758388
         171.36               0.18138335                0.17784724
         171.54               0.18149834                0.1781055
         171.72               0.18161102                0.17835865
          171.9               0.18172138                0.17860666
         172.08               0.18182942                0.17884952
         172.26               0.18193513                0.1790872
         172.44               0.1820385                0.17931968
         172.62               0.18213952                0.17954695
          172.8               0.1822382                0.17976899
         172.98               0.18233452                0.17998578
         173.16               0.18242848                0.1801973
         173.34               0.18252007                0.18040354
         173.52               0.18260928                0.18060448
          173.7               0.18269612                0.18080011
         173.88               0.18278058                0.1809904
         174.06               0.18286264                0.18117534
         174.24               0.18294231                0.18135492
         174.42               0.18301958                0.18152913
          174.6               0.18309445                0.18169794
         174.78               0.18316691                0.18186135
         174.96               0.18323695                0.18201935
         175.14               0.18330458                0.18217191
         175.32               0.18336979                0.18231904
          175.5               0.18343257                0.18246071
         175.68               0.18349292                0.18259691
         175.86               0.18355083                0.18272764
         176.04               0.18360631                0.18285288
         176.22               0.18365935                0.18297263
          176.4               0.18370994                0.18308687
         176.58               0.18375809                0.1831956
         176.76               0.18380378                0.1832988
         176.94               0.18384703                0.18339647
         177.12               0.18388781                0.18348861
          177.3               0.18392614                0.18357519
         177.48               0.18396201                0.18365622
         177.66               0.18399541                0.18373169
         177.84               0.18402634                0.1838016
         178.02               0.18405481                0.18386593
          178.2               0.18408081                0.18392469
         178.38               0.18410434                0.18397786
         178.56               0.1841254                0.18402545
         178.74               0.18414398                0.18406745
         178.92               0.18416009                0.18410385
          179.1               0.18417372                0.18413466
         179.28               0.18418487                0.18415987
         179.46               0.18419355                0.18417948
         179.64               0.18419974                0.18419349
         179.82               0.18420346                0.1842019
